130
150
110
150
110
150
130
90
130
130
90
110
90
150
150
90
130
150
110
90
90
130
110
110
130
150
90
90
90
130
90
110
150
110
130
150
110
110
150
150
130
130
130
110
90
90
150
110
130
90
130
110
90
110
90
110
110
110
130
130
150
150
90
150
130
130
150
90
150
110
150
90
110
110
150
150
90
110
110
90
150
150
110
130
130
90
130
150
150
110
90
130
90
130
130
90
130
130
90
130
110
150
150
150
110
90
90
110
110
150
130
90
130
150
110
110
90
130
90
150
150
150
130
130
90
90
150
90
90
150
110
150
110
150
130
130
110
130
110
110
90
110
90
130
150
150
90
90
130
150
150
130
110
130
130
130
110
110
110
90
90
130
150
110
90
110
150
90
90
150
130
130
110
150
110
110
90
150
150
110
150
90
130
90
90
130
130
110
150
110
90
130
